36,7
36,6
36,5
36,0
0,517
36,2
36,4
26,5
26,4
26,1
26,3
0,516
0,515
0,514
0,474
45,2
45,5
45,4
45,1
45,3
25,1
25,3
40,4
37,1
37,3
36,1
36,3
40,1
40,3
52,1
52,3
27,6
27,5
27,4
27,1
27,3
51,4
51,1
51,3
50,4
50,1
50,3
54,1
54,3
30,4
30,1
30,3
31,4
31,1
31,3
57,35
3,1
3,3
10,65
10,180
10,201
10,195
10,196
10,188
11,18
9,7
8,5
8,7
8,14
8,15
8,17
8,6
8,16
20,3
20,2
20,1
19,3
19,2
19,1
12,3
12,2
12,1
11,28
11,27
11,26
11,25
11,24
11,23
11,22
11,21
11,20
11,19
11,17
11,16
11,13
11,12
11,9
11,5
11,3
11,2
11,1
10,310
10,309
10,308
10,307
10,306
10,305
10,304
10,303
10,302
10,301
10,300
10,299
10,298
10,297
10,296
10,295
10,294
10,293
10,292
10,291
10,290
10,289
10,288
10,287
10,286
10,285
10,284
10,283
10,282
10,281
10,280
